[gd_scene load_steps=42 format=3 uid="uid://c50m68ro4apnu"]

[ext_resource type="Texture2D" uid="uid://bdeu4air8gico" path="res://assets/textures/sky_water_landscape.jpg" id="1_oq51g"]
[ext_resource type="Shader" path="res://map2.gdshader" id="2_j7uie"]

[sub_resource type="Gradient" id="Gradient_encro"]
interpolation_mode = 1
offsets = PackedFloat32Array(0, 0.539568)
colors = PackedColorArray(0.501961, 0.501961, 0.501961, 1, 1, 1, 1, 1)

[sub_resource type="GradientTexture2D" id="GradientTexture2D_7v1wh"]
gradient = SubResource("Gradient_encro")
width = 2
height = 2
fill_from = Vector2(0.5, 0.5)
fill_to = Vector2(1, 1)
repeat = 2
metadata/_snap_enabled = true
metadata/_snap_count = 4

[sub_resource type="StandardMaterial3D" id="StandardMaterial3D_hi02g"]
albedo_color = Color(0.501961, 0.501961, 0.501961, 1)
emission_energy_multiplier = 0.0
emission_texture = SubResource("GradientTexture2D_7v1wh")
texture_filter = 0

[sub_resource type="PlaneMesh" id="PlaneMesh_ftwah"]
material = SubResource("StandardMaterial3D_hi02g")
size = Vector2(100, 100)

[sub_resource type="PanoramaSkyMaterial" id="PanoramaSkyMaterial_j3f70"]
panorama = ExtResource("1_oq51g")
filter = false

[sub_resource type="Sky" id="Sky_amfe7"]
sky_material = SubResource("PanoramaSkyMaterial_j3f70")
radiance_size = 0

[sub_resource type="Environment" id="Environment_sfs7y"]
background_mode = 2
background_energy_multiplier = 0.9
sky = SubResource("Sky_amfe7")
ambient_light_source = 3
ambient_light_color = Color(1, 1, 1, 1)
ambient_light_sky_contribution = 0.75
ambient_light_energy = 0.75
reflected_light_source = 2
tonemap_exposure = 0.8
glow_levels/2 = 0.1
glow_levels/3 = 0.2
glow_levels/4 = 0.4
glow_levels/5 = 0.8
glow_levels/6 = 1.6
glow_levels/7 = 3.2
glow_normalized = true
glow_strength = 1.25
glow_blend_mode = 0
fog_light_color = Color(0, 0, 0, 1)
fog_density = 0.2
volumetric_fog_emission = Color(0.439216, 0.439216, 0.439216, 1)
volumetric_fog_anisotropy = 0.8
volumetric_fog_length = 10.0
volumetric_fog_detail_spread = 6.0
volumetric_fog_temporal_reprojection_enabled = false
adjustment_brightness = 1.25
adjustment_contrast = 1.25
adjustment_saturation = 1.25

[sub_resource type="BoxMesh" id="BoxMesh_7w6j5"]
size = Vector3(4, 4, 4)

[sub_resource type="Gradient" id="Gradient_x5r0y"]
interpolation_color_space = 1
offsets = PackedFloat32Array(0, 0.52518, 1)
colors = PackedColorArray(1, 0.533333, 1, 1, 1, 1, 0.533333, 1, 0.533333, 1, 1, 1)

[sub_resource type="FastNoiseLite" id="FastNoiseLite_76hyd"]
frequency = 1.0

[sub_resource type="NoiseTexture2D" id="NoiseTexture2D_417hp"]
width = 4
height = 4
in_3d_space = true
seamless = true
seamless_blend_skirt = 1.0
color_ramp = SubResource("Gradient_x5r0y")
noise = SubResource("FastNoiseLite_76hyd")

[sub_resource type="StandardMaterial3D" id="StandardMaterial3D_tnx21"]
albedo_texture = SubResource("NoiseTexture2D_417hp")
roughness = 0.75
emission_enabled = true
uv1_scale = Vector3(3, 2, 1)
texture_filter = 0

[sub_resource type="Gradient" id="Gradient_xljon"]
interpolation_mode = 1
colors = PackedColorArray(0.0627451, 0.0627451, 0.0627451, 1, 0.12549, 0.12549, 0.12549, 1)

[sub_resource type="GradientTexture2D" id="GradientTexture2D_j0sn3"]
gradient = SubResource("Gradient_xljon")
width = 3
height = 3
fill = 2
fill_from = Vector2(0.5, 0.5)
fill_to = Vector2(0.5, 0.333333)
metadata/_snap_count = 6
metadata/_snap_enabled = true

[sub_resource type="StandardMaterial3D" id="StandardMaterial3D_mvghl"]
albedo_texture = SubResource("GradientTexture2D_j0sn3")
metallic = 1.0
metallic_specular = 1.0
roughness = 0.75
uv1_triplanar = true
uv1_world_triplanar = true
texture_filter = 0

[sub_resource type="BoxMesh" id="BoxMesh_xck6w"]
material = SubResource("StandardMaterial3D_mvghl")
size = Vector3(32, 5, 2)

[sub_resource type="BoxMesh" id="BoxMesh_cajrl"]
size = Vector3(4, 4, 4)

[sub_resource type="BoxMesh" id="BoxMesh_b12jg"]
size = Vector3(4, 4, 4)

[sub_resource type="BoxMesh" id="BoxMesh_kyk23"]
size = Vector3(4, 4, 4)

[sub_resource type="BoxMesh" id="BoxMesh_sxueq"]
size = Vector3(4, 4, 4)

[sub_resource type="PrismMesh" id="PrismMesh_bwd1s"]
size = Vector3(10, 7, 7)

[sub_resource type="StandardMaterial3D" id="StandardMaterial3D_xp2qq"]
no_depth_test = true
shading_mode = 0
albedo_color = Color(1, 0, 0, 1)
fixed_size = true

[sub_resource type="CylinderMesh" id="CylinderMesh_1mmdv"]
material = SubResource("StandardMaterial3D_xp2qq")
top_radius = 0.0
bottom_radius = 0.02
height = 0.1
radial_segments = 4
rings = 1

[sub_resource type="Gradient" id="Gradient_e78yv"]
colors = PackedColorArray(0.501961, 0.501961, 0.501961, 1, 1, 1, 1, 1)

[sub_resource type="FastNoiseLite" id="FastNoiseLite_sc8p1"]

[sub_resource type="NoiseTexture2D" id="NoiseTexture2D_hd2w7"]
width = 128
height = 128
in_3d_space = true
seamless = true
seamless_blend_skirt = 1.0
color_ramp = SubResource("Gradient_e78yv")
noise = SubResource("FastNoiseLite_sc8p1")

[sub_resource type="ShaderMaterial" id="ShaderMaterial_rdrj5"]
render_priority = 0
shader = ExtResource("2_j7uie")

[sub_resource type="NoiseTexture2D" id="NoiseTexture2D_etyd5"]
width = 128
height = 128
in_3d_space = true
seamless = true
seamless_blend_skirt = 1.0
as_normal_map = true
color_ramp = SubResource("Gradient_e78yv")
noise = SubResource("FastNoiseLite_sc8p1")

[sub_resource type="StandardMaterial3D" id="StandardMaterial3D_qkp1v"]
resource_name = "Material"
next_pass = SubResource("ShaderMaterial_rdrj5")
albedo_texture = SubResource("NoiseTexture2D_hd2w7")
metallic_specular = 0.1
roughness = 0.5
normal_enabled = true
normal_scale = 6.7
normal_texture = SubResource("NoiseTexture2D_etyd5")
uv1_scale = Vector3(6, 4, 2)

[sub_resource type="ArrayMesh" id="ArrayMesh_npil3"]
_surfaces = [{
"aabb": AABB(-1.07961, -1.15307, -0.544502, 2.51007, 3.85168, 1.54499),
"format": 34896613377,
"index_count": 132,
"index_data": PackedByteArray(23, 0, 15, 0, 18, 0, 23, 0, 21, 0, 15, 0, 3, 0, 9, 0, 11, 0, 3, 0, 2, 0, 9, 0, 12, 0, 16, 0, 17, 0, 12, 0, 13, 0, 16, 0, 4, 0, 10, 0, 8, 0, 4, 0, 6, 0, 10, 0, 0, 0, 7, 0, 5, 0, 0, 0, 1, 0, 7, 0, 6, 0, 15, 0, 10, 0, 6, 0, 18, 0, 15, 0, 4, 0, 18, 0, 6, 0, 4, 0, 19, 0, 18, 0, 10, 0, 14, 0, 8, 0, 10, 0, 15, 0, 14, 0, 8, 0, 19, 0, 4, 0, 8, 0, 14, 0, 19, 0, 20, 0, 19, 0, 14, 0, 20, 0, 22, 0, 19, 0, 3, 0, 20, 0, 2, 0, 3, 0, 21, 0, 20, 0, 9, 0, 15, 0, 11, 0, 9, 0, 14, 0, 15, 0, 2, 0, 14, 0, 9, 0, 2, 0, 20, 0, 14, 0, 11, 0, 21, 0, 3, 0, 11, 0, 15, 0, 21, 0, 0, 0, 23, 0, 1, 0, 0, 0, 22, 0, 23, 0, 7, 0, 19, 0, 5, 0, 7, 0, 18, 0, 19, 0, 5, 0, 22, 0, 0, 0, 5, 0, 19, 0, 22, 0, 1, 0, 18, 0, 7, 0, 1, 0, 23, 0, 18, 0, 12, 0, 21, 0, 13, 0, 12, 0, 20, 0, 21, 0, 17, 0, 20, 0, 12, 0, 17, 0, 22, 0, 20, 0, 13, 0, 23, 0, 16, 0, 13, 0, 21, 0, 23, 0, 16, 0, 22, 0, 17, 0, 16, 0, 23, 0, 22, 0),
"lods": [0.508952, PackedByteArray(23, 0, 15, 0, 18, 0, 23, 0, 21, 0, 15, 0, 1, 0, 23, 0, 18, 0, 22, 0, 23, 0, 1, 0, 22, 0, 1, 0, 19, 0, 1, 0, 18, 0, 19, 0, 4, 0, 19, 0, 18, 0, 4, 0, 18, 0, 6, 0, 2, 0, 14, 0, 15, 0, 2, 0, 20, 0, 14, 0, 15, 0, 21, 0, 2, 0, 20, 0, 21, 0, 23, 0, 23, 0, 22, 0, 20, 0, 4, 0, 6, 0, 14, 0, 14, 0, 19, 0, 4, 0, 6, 0, 15, 0, 14, 0, 6, 0, 18, 0, 15, 0, 20, 0, 19, 0, 14, 0, 20, 0, 22, 0, 19, 0, 2, 0, 21, 0, 20, 0)],
"name": "Material",
"primitive": 3,
"uv_scale": Vector4(0, 0, 0, 0),
"vertex_count": 24,
"vertex_data": PackedByteArray(254, 255, 91, 25, 46, 98, 0, 0, 210, 219, 155, 18, 39, 240, 0, 0, 43, 14, 138, 21, 47, 60, 0, 0, 0, 0, 122, 14, 63, 231, 0, 0, 66, 176, 204, 251, 191, 74, 0, 0, 23, 212, 39, 233, 242, 65, 0, 0, 3, 154, 145, 254, 191, 123, 0, 0, 142, 190, 145, 195, 171, 140, 0, 0, 95, 91, 82, 253, 102, 33, 0, 0, 214, 68, 199, 235, 71, 12, 0, 0, 156, 116, 255, 255, 55, 86, 0, 0, 253, 62, 141, 203, 208, 135, 0, 0, 5, 62, 134, 0, 237, 91, 0, 0, 235, 43, 118, 2, 56, 212, 0, 0, 213, 67, 181, 242, 0, 0, 0, 0, 113, 91, 164, 243, 116, 141, 0, 0, 168, 166, 245, 0, 84, 225, 0, 0, 150, 210, 0, 0, 152, 117, 0, 0, 42, 150, 213, 236, 175, 176, 0, 0, 102, 206, 173, 243, 223, 35, 0, 0, 106, 24, 249, 18, 84, 45, 0, 0, 30, 8, 44, 10, 234, 255, 0, 0, 134, 254, 202, 17, 98, 70, 0, 0, 147, 202, 237, 8, 255, 255, 0, 0)
}]
blend_shape_mode = 0

[sub_resource type="ArrayMesh" id="ArrayMesh_i5swd"]
resource_name = "stone_Cube"
_surfaces = [{
"aabb": AABB(-1.07961, -1.15307, -0.544502, 2.51007, 3.85168, 1.54499),
"attribute_data": PackedByteArray(51, 98, 24, 121, 51, 98, 24, 121, 51, 98, 24, 121, 50, 98, 246, 70, 50, 98, 246, 70, 50, 98, 246, 70, 184, 97, 207, 197, 184, 97, 207, 197, 184, 97, 207, 197, 162, 97, 33, 250, 162, 97, 33, 250, 162, 97, 33, 250, 177, 168, 77, 119, 177, 168, 77, 119, 177, 168, 77, 119, 26, 149, 79, 116, 26, 149, 79, 116, 26, 149, 79, 116, 177, 168, 178, 72, 177, 168, 178, 72, 177, 168, 178, 72, 27, 149, 196, 75, 27, 149, 196, 75, 27, 149, 196, 75, 76, 215, 77, 119, 76, 215, 77, 119, 76, 215, 77, 119, 148, 149, 100, 200, 148, 149, 100, 200, 148, 149, 100, 200, 76, 215, 178, 72, 76, 215, 178, 72, 76, 215, 178, 72, 177, 149, 169, 247, 177, 149, 169, 247, 177, 149, 169, 247, 87, 39, 148, 115, 87, 39, 148, 115, 87, 39, 148, 115, 233, 39, 116, 76, 233, 39, 116, 76, 233, 39, 116, 76, 77, 151, 255, 191, 77, 151, 255, 191, 255, 223, 255, 127, 77, 151, 255, 191, 255, 223, 255, 127, 77, 151, 255, 255, 77, 151, 255, 255, 255, 223, 255, 63, 255, 223, 255, 63, 77, 151, 0, 0, 189, 87, 105, 77, 189, 87, 105, 77, 189, 87, 105, 77, 86, 88, 173, 114, 86, 88, 173, 114, 86, 88, 173, 114, 255, 159, 255, 63, 77, 151, 255, 63, 77, 151, 255, 63, 77, 151, 255, 63, 77, 151, 255, 63, 77, 151, 255, 127, 255, 159, 255, 127, 77, 151, 255, 127, 77, 151, 255, 127, 77, 151, 255, 127, 255, 95, 255, 191, 255, 31, 255, 127, 255, 95, 255, 191, 255, 31, 255, 127, 255, 95, 255, 191, 255, 95, 255, 255, 255, 31, 255, 63, 255, 95, 255, 255, 255, 95, 0, 0, 255, 31, 255, 63, 255, 95, 255, 127, 255, 95, 255, 127, 255, 95, 255, 127, 255, 95, 255, 127, 255, 95, 255, 127, 255, 95, 255, 63, 255, 95, 255, 63, 255, 95, 255, 63, 255, 95, 255, 63, 255, 95, 255, 63, 50, 98, 246, 70, 177, 168, 77, 119, 177, 168, 178, 72, 177, 168, 178, 72, 77, 151, 255, 191, 255, 223, 255, 127, 255, 223, 255, 63, 77, 151, 255, 63, 77, 151, 255, 63, 77, 151, 255, 127, 255, 31, 255, 127, 255, 95, 255, 255, 255, 31, 255, 63, 255, 95, 255, 127, 255, 95, 255, 127, 255, 95, 255, 127, 255, 95, 255, 63, 255, 95, 255, 63),
"format": 34896613399,
"index_count": 132,
"index_data": PackedByteArray(83, 0, 51, 0, 59, 0, 83, 0, 76, 0, 51, 0, 9, 0, 27, 0, 33, 0, 9, 0, 6, 0, 27, 0, 37, 0, 53, 0, 55, 0, 37, 0, 41, 0, 53, 0, 12, 0, 32, 0, 25, 0, 12, 0, 19, 0, 32, 0, 1, 0, 23, 0, 16, 0, 1, 0, 5, 0, 23, 0, 18, 0, 50, 0, 31, 0, 18, 0, 58, 0, 50, 0, 14, 0, 61, 0, 20, 0, 14, 0, 65, 0, 61, 0, 30, 0, 44, 0, 24, 0, 30, 0, 49, 0, 44, 0, 26, 0, 64, 0, 13, 0, 26, 0, 46, 0, 64, 0, 72, 0, 63, 0, 45, 0, 72, 0, 79, 0, 63, 0, 11, 0, 70, 0, 8, 0, 11, 0, 75, 0, 70, 0, 28, 0, 47, 0, 34, 0, 28, 0, 42, 0, 47, 0, 7, 0, 43, 0, 29, 0, 7, 0, 68, 0, 43, 0, 35, 0, 73, 0, 10, 0, 35, 0, 48, 0, 73, 0, 0, 0, 87, 0, 4, 0, 0, 0, 81, 0, 87, 0, 22, 0, 66, 0, 15, 0, 22, 0, 62, 0, 66, 0, 17, 0, 82, 0, 2, 0, 17, 0, 67, 0, 82, 0, 3, 0, 60, 0, 21, 0, 3, 0, 86, 0, 60, 0, 36, 0, 74, 0, 39, 0, 36, 0, 69, 0, 74, 0, 56, 0, 71, 0, 38, 0, 56, 0, 78, 0, 71, 0, 40, 0, 84, 0, 52, 0, 40, 0, 77, 0, 84, 0, 54, 0, 80, 0, 57, 0, 54, 0, 85, 0, 80, 0),
"lods": [0.508952, PackedByteArray(83, 0, 51, 0, 95, 0, 83, 0, 76, 0, 51, 0, 88, 0, 83, 0, 95, 0, 81, 0, 105, 0, 88, 0, 103, 0, 88, 0, 97, 0, 88, 0, 96, 0, 97, 0, 89, 0, 97, 0, 96, 0, 89, 0, 96, 0, 91, 0, 6, 0, 92, 0, 47, 0, 6, 0, 68, 0, 92, 0, 47, 0, 99, 0, 6, 0, 98, 0, 100, 0, 104, 0, 104, 0, 102, 0, 98, 0, 12, 0, 90, 0, 93, 0, 93, 0, 64, 0, 12, 0, 90, 0, 94, 0, 93, 0, 90, 0, 58, 0, 94, 0, 72, 0, 63, 0, 45, 0, 72, 0, 101, 0, 63, 0, 8, 0, 75, 0, 70, 0)],
"material": SubResource("StandardMaterial3D_qkp1v"),
"name": "Material",
"primitive": 3,
"uv_scale": Vector4(0, 0, 0, 0),
"vertex_count": 106,
"vertex_data": PackedByteArray(254, 255, 91, 25, 46, 98, 190, 199, 254, 255, 91, 25, 46, 98, 35, 203, 254, 255, 91, 25, 46, 98, 14, 219, 210, 219, 155, 18, 39, 240, 150, 200, 210, 219, 155, 18, 39, 240, 67, 194, 210, 219, 155, 18, 39, 240, 198, 202, 43, 14, 138, 21, 47, 60, 185, 212, 43, 14, 138, 21, 47, 60, 218, 224, 43, 14, 138, 21, 47, 60, 11, 250, 0, 0, 122, 14, 63, 231, 251, 212, 0, 0, 122, 14, 63, 231, 163, 195, 0, 0, 122, 14, 63, 231, 13, 251, 66, 176, 204, 251, 191, 74, 46, 241, 66, 176, 204, 251, 191, 74, 253, 248, 66, 176, 204, 251, 191, 74, 131, 236, 23, 212, 39, 233, 242, 65, 230, 231, 23, 212, 39, 233, 242, 65, 6, 206, 23, 212, 39, 233, 242, 65, 150, 218, 3, 154, 145, 254, 191, 123, 91, 243, 3, 154, 145, 254, 191, 123, 240, 238, 3, 154, 145, 254, 191, 123, 247, 193, 142, 190, 145, 195, 171, 140, 242, 199, 142, 190, 145, 195, 171, 140, 209, 218, 142, 190, 145, 195, 171, 140, 149, 205, 95, 91, 82, 253, 102, 33, 255, 239, 95, 91, 82, 253, 102, 33, 160, 245, 95, 91, 82, 253, 102, 33, 84, 247, 214, 68, 199, 235, 71, 12, 254, 213, 214, 68, 199, 235, 71, 12, 47, 195, 214, 68, 199, 235, 71, 12, 81, 225, 156, 116, 255, 255, 55, 86, 68, 218, 156, 116, 255, 255, 55, 86, 17, 241, 156, 116, 255, 255, 55, 86, 0, 244, 253, 62, 141, 203, 208, 135, 149, 214, 253, 62, 141, 203, 208, 135, 46, 202, 253, 62, 141, 203, 208, 135, 111, 195, 5, 62, 134, 0, 237, 91, 220, 198, 5, 62, 134, 0, 237, 91, 1, 191, 5, 62, 134, 0, 237, 91, 40, 223, 235, 43, 118, 2, 56, 212, 122, 200, 235, 43, 118, 2, 56, 212, 84, 172, 235, 43, 118, 2, 56, 212, 0, 191, 213, 67, 181, 242, 0, 0, 216, 192, 213, 67, 181, 242, 0, 0, 70, 225, 213, 67, 181, 242, 0, 0, 73, 247, 213, 67, 181, 242, 0, 0, 31, 251, 213, 67, 181, 242, 0, 0, 255, 247, 113, 91, 164, 243, 116, 141, 71, 201, 113, 91, 164, 243, 116, 141, 119, 195, 113, 91, 164, 243, 116, 141, 251, 227, 113, 91, 164, 243, 116, 141, 225, 242, 113, 91, 164, 243, 116, 141, 166, 183, 168, 166, 245, 0, 84, 225, 72, 172, 168, 166, 245, 0, 84, 225, 4, 191, 168, 166, 245, 0, 84, 225, 226, 185, 150, 210, 0, 0, 152, 117, 5, 191, 150, 210, 0, 0, 152, 117, 37, 223, 150, 210, 0, 0, 152, 117, 47, 186, 42, 150, 213, 236, 175, 176, 219, 244, 42, 150, 213, 236, 175, 176, 167, 187, 42, 150, 213, 236, 175, 176, 3, 200, 42, 150, 213, 236, 175, 176, 108, 211, 42, 150, 213, 236, 175, 176, 59, 218, 102, 206, 173, 243, 223, 35, 18, 251, 102, 206, 173, 243, 223, 35, 33, 249, 102, 206, 173, 243, 223, 35, 183, 243, 102, 206, 173, 243, 223, 35, 201, 220, 102, 206, 173, 243, 223, 35, 158, 218, 106, 24, 249, 18, 84, 45, 218, 224, 106, 24, 249, 18, 84, 45, 166, 198, 106, 24, 249, 18, 84, 45, 42, 250, 106, 24, 249, 18, 84, 45, 39, 223, 106, 24, 249, 18, 84, 45, 7, 251, 30, 8, 44, 10, 234, 255, 164, 195, 30, 8, 44, 10, 234, 255, 125, 199, 30, 8, 44, 10, 234, 255, 22, 251, 30, 8, 44, 10, 234, 255, 179, 196, 30, 8, 44, 10, 234, 255, 78, 172, 134, 254, 202, 17, 98, 70, 37, 223, 134, 254, 202, 17, 98, 70, 2, 251, 134, 254, 202, 17, 98, 70, 67, 186, 134, 254, 202, 17, 98, 70, 157, 198, 134, 254, 202, 17, 98, 70, 17, 219, 147, 202, 237, 8, 255, 255, 117, 198, 147, 202, 237, 8, 255, 255, 73, 172, 147, 202, 237, 8, 255, 255, 251, 185, 147, 202, 237, 8, 255, 255, 162, 200, 147, 202, 237, 8, 255, 255, 240, 193, 210, 219, 155, 18, 39, 240, 137, 203, 66, 176, 204, 251, 191, 74, 13, 231, 3, 154, 145, 254, 191, 123, 21, 244, 3, 154, 145, 254, 191, 123, 102, 231, 213, 67, 181, 242, 0, 0, 128, 207, 213, 67, 181, 242, 0, 0, 167, 241, 113, 91, 164, 243, 116, 141, 7, 229, 42, 150, 213, 236, 175, 176, 135, 187, 42, 150, 213, 236, 175, 176, 126, 194, 102, 206, 173, 243, 223, 35, 255, 255, 106, 24, 249, 18, 84, 45, 44, 201, 30, 8, 44, 10, 234, 255, 141, 207, 30, 8, 44, 10, 234, 255, 249, 192, 134, 254, 202, 17, 98, 70, 135, 252, 134, 254, 202, 17, 98, 70, 249, 198, 134, 254, 202, 17, 98, 70, 71, 205, 147, 202, 237, 8, 255, 255, 148, 190, 147, 202, 237, 8, 255, 255, 121, 178, 63, 16, 6, 62, 137, 41, 238, 27, 237, 48, 122, 40, 31, 33, 237, 17, 239, 23, 80, 61, 214, 41, 199, 27, 120, 218, 246, 205, 124, 211, 103, 202, 75, 200, 169, 234, 207, 218, 209, 205, 212, 233, 165, 213, 7, 201, 187, 233, 87, 193, 221, 11, 121, 175, 85, 3, 204, 34, 32, 24, 93, 28, 31, 26, 57, 39, 24, 29, 146, 49, 22, 40, 50, 216, 228, 13, 150, 194, 100, 14, 229, 193, 184, 2, 121, 33, 189, 17, 146, 34, 189, 21, 145, 39, 235, 28, 10, 111, 199, 177, 207, 190, 186, 6, 109, 177, 155, 6, 35, 220, 64, 205, 83, 215, 192, 206, 91, 212, 229, 201, 52, 130, 126, 191, 197, 216, 33, 15, 192, 191, 162, 8, 229, 220, 236, 204, 46, 225, 58, 204, 171, 233, 169, 213, 200, 41, 90, 152, 212, 5, 38, 138, 102, 2, 33, 135, 142, 40, 152, 144, 79, 6, 154, 139, 147, 5, 161, 137, 54, 211, 206, 207, 71, 212, 240, 201, 40, 106, 185, 173, 136, 59, 39, 67, 166, 176, 78, 5, 13, 224, 132, 204, 177, 233, 169, 213, 103, 120, 142, 185, 80, 216, 38, 14, 240, 251, 159, 15, 219, 3, 127, 130, 31, 6, 192, 138, 228, 26, 98, 83, 87, 6, 51, 139, 246, 1, 134, 134, 59, 25, 79, 83, 209, 215, 19, 13, 107, 251, 151, 14, 112, 33, 194, 17, 160, 48, 184, 11, 223, 34, 135, 21, 171, 62, 70, 64, 78, 175, 12, 3, 132, 31, 17, 27, 148, 33, 112, 22, 134, 49, 29, 40, 122, 211, 104, 202, 251, 41, 153, 153, 98, 200, 139, 234, 67, 2, 241, 134, 255, 65, 56, 61, 213, 233, 165, 213, 65, 41, 6, 149, 14, 201, 178, 233, 109, 250, 156, 12, 134, 5, 107, 137, 236, 1, 120, 134, 38, 68, 61, 59, 214, 24, 75, 83, 188, 17, 227, 61, 233, 48, 124, 40, 65, 250, 69, 12, 18, 4, 40, 130, 86, 26, 92, 83, 25, 33, 240, 17, 111, 24, 69, 61, 112, 37, 241, 31, 183, 75, 83, 21, 81, 213, 102, 13, 98, 71, 160, 20, 65, 200, 39, 208, 215, 157, 170, 47, 175, 131, 145, 170, 92, 23, 133, 2, 140, 39, 70, 11, 182, 38, 224, 35, 242, 25, 162, 137, 123, 224, 44, 207, 51, 34, 156, 137, 150, 19, 128, 104, 5, 10, 167, 113, 23, 36, 61, 43, 77, 5, 183, 123, 11, 43, 95, 86)
}]
blend_shape_mode = 0
shadow_mesh = SubResource("ArrayMesh_npil3")

[sub_resource type="BoxShape3D" id="BoxShape3D_2xeul"]
size = Vector3(2, 4, 5)

[sub_resource type="Gradient" id="Gradient_80ha8"]
interpolation_mode = 1
offsets = PackedFloat32Array(0, 0.561404)
colors = PackedColorArray(0, 0, 0, 0, 1, 1, 1, 1)

[sub_resource type="GradientTexture2D" id="GradientTexture2D_pgdvt"]
gradient = SubResource("Gradient_80ha8")
width = 4
height = 4
fill = 1
fill_from = Vector2(0.5, 0.5)
fill_to = Vector2(0.5, 0.1)
repeat = 1
metadata/_snap_enabled = true

[sub_resource type="SystemFont" id="SystemFont_k0rfc"]
font_names = PackedStringArray("Calibri")
font_weight = 100
multichannel_signed_distance_field = true

[sub_resource type="StandardMaterial3D" id="StandardMaterial3D_dxc3t"]
shading_mode = 0
albedo_color = Color(0.501961, 0, 1, 1)

[sub_resource type="SphereMesh" id="SphereMesh_bbxcx"]

[sub_resource type="StandardMaterial3D" id="StandardMaterial3D_v4iah"]
shading_mode = 0
albedo_color = Color(1, 0, 0.501961, 1)

[sub_resource type="Curve3D" id="Curve3D_tlaxw"]
bake_interval = 512.0
_data = {
"points": PackedVector3Array(0, 0, 0, 0, 0, 0, 15, 0, 15, 0, 0, 0, 0, 0, 0, 12, 0, 0, 0, 0, 0, 0, 0, 0, 4, 0, -2, 0, 0, 0, 0, 0, 0, 0, 0, 0, 0, 0, 0, 0, 0, 0, -4, 0, 2, 0, 0, 0, 0, 0, 0, -12, 0, 0, 0, 0, 0, 0, 0, 0, -4, 0, -16, 0, 0, 0, 0, 0, 0, -8, 0, -24),
"tilts": PackedFloat32Array(0, 0, 0, 0, 0, 0, 0, 0)
}
point_count = 8

[node name="Map" type="Node3D"]
transform = Transform3D(1, 0, 0, 0, 1, 0, 0, 0, 1, -11.6831, -1.27198, 0.620695)

[node name="Ground" type="CSGMesh3D" parent="."]
use_collision = true
collision_layer = 2
collision_mask = 0
mesh = SubResource("PlaneMesh_ftwah")

[node name="Sun" type="DirectionalLight3D" parent="."]
transform = Transform3D(0.642788, 0.262003, -0.719846, 0, 0.939693, 0.34202, 0.766044, -0.219846, 0.604023, 0, 6, 0)
light_energy = 0.75
shadow_enabled = true
shadow_bias = 0.05
shadow_blur = 2.0
directional_shadow_mode = 0
directional_shadow_split_2 = 0.3
directional_shadow_fade_start = 0.5
directional_shadow_pancake_size = 1.0

[node name="Environment" type="WorldEnvironment" parent="."]
environment = SubResource("Environment_sfs7y")

[node name="Node3D" type="Node3D" parent="."]
transform = Transform3D(1, 0, 0, 0, 1, 0, 0, 0, 1, -69.2625, 5.5, 0)

[node name="CSGMesh3D2" type="CSGMesh3D" parent="Node3D"]
transform = Transform3D(0.707107, 0, 0.707107, 0, 1, 0, -0.707107, 0, 0.707107, -2, -6.5, -6)
gi_mode = 2
use_collision = true
collision_layer = 2
collision_mask = 0
mesh = SubResource("BoxMesh_7w6j5")
material = SubResource("StandardMaterial3D_tnx21")

[node name="CSGMesh3D3" type="CSGMesh3D" parent="Node3D"]
transform = Transform3D(-4.47035e-08, 0, 1, 0, 1, 0, -1, 0, -4.47035e-08, 4, -6.5, -2)
gi_mode = 2
use_collision = true
collision_layer = 2
collision_mask = 0
mesh = SubResource("BoxMesh_7w6j5")
material = SubResource("StandardMaterial3D_tnx21")

[node name="CSGMesh3D4" type="CSGMesh3D" parent="Node3D"]
transform = Transform3D(1, 0, 0, 0, 1, 0, 0, 0, 1, 0, -3, 17)
gi_mode = 2
use_collision = true
collision_layer = 2
collision_mask = 0
mesh = SubResource("BoxMesh_xck6w")

[node name="CSGMesh3D5" type="CSGMesh3D" parent="Node3D"]
transform = Transform3D(1, 0, 0, 0, 1, 0, 0, 0, 1, 0, -3, -17)
gi_mode = 2
use_collision = true
collision_layer = 2
collision_mask = 0
mesh = SubResource("BoxMesh_xck6w")

[node name="CSGMesh3D6" type="CSGMesh3D" parent="Node3D"]
transform = Transform3D(-4.37114e-08, 0, -1, 0, 1, 0, 1, 0, -4.37114e-08, 17, -3, 0)
gi_mode = 2
use_collision = true
collision_layer = 2
collision_mask = 0
mesh = SubResource("BoxMesh_xck6w")

[node name="CSGMesh3D7" type="CSGMesh3D" parent="Node3D"]
transform = Transform3D(-4.37114e-08, 0, -1, 0, 1, 0, 1, 0, -4.37114e-08, -17, -3, 0)
gi_mode = 2
use_collision = true
collision_layer = 2
collision_mask = 0
mesh = SubResource("BoxMesh_xck6w")

[node name="CSGMesh3D8" type="CSGMesh3D" parent="Node3D"]
transform = Transform3D(-0.683013, 0.183013, -0.707107, 0.258819, 0.965926, 0, 0.683013, -0.183013, -0.707107, -6, -7, 6)
gi_mode = 2
use_collision = true
collision_layer = 2
collision_mask = 0
mesh = SubResource("BoxMesh_cajrl")
material = SubResource("StandardMaterial3D_tnx21")

[node name="CSGMesh3D11" type="CSGMesh3D" parent="Node3D"]
transform = Transform3D(-0.866025, 0, -0.5, 0, 1, 0, 0.5, 0, -0.866025, 4, -6.5, 11)
gi_mode = 2
use_collision = true
collision_layer = 2
collision_mask = 0
mesh = SubResource("BoxMesh_b12jg")
material = SubResource("StandardMaterial3D_tnx21")

[node name="CSGMesh3D9" type="CSGMesh3D" parent="Node3D"]
transform = Transform3D(-0.5, 0, -0.866025, 0, 1, 0, 0.866025, 0, -0.5, 2, -5.5, -6)
gi_mode = 2
use_collision = true
collision_layer = 2
collision_mask = 0
mesh = SubResource("BoxMesh_kyk23")
material = SubResource("StandardMaterial3D_tnx21")

[node name="CSGMesh3D12" type="CSGMesh3D" parent="Node3D"]
transform = Transform3D(-0.965926, 0, -0.258819, 0, 1, 0, 0.258819, 0, -0.965926, -11, -3.5, -9)
gi_mode = 2
use_collision = true
collision_layer = 2
collision_mask = 0
mesh = SubResource("BoxMesh_sxueq")
material = SubResource("StandardMaterial3D_tnx21")

[node name="CSGMesh3D14" type="CSGMesh3D" parent="Node3D"]
transform = Transform3D(-0.707107, -0.5, 0.5, 2.17749e-08, 0.707107, 0.707107, -0.707107, 0.5, -0.5, -16, -5.49078, 16)
gi_mode = 2
use_collision = true
collision_layer = 2
collision_mask = 0
mesh = SubResource("PrismMesh_bwd1s")
material = SubResource("StandardMaterial3D_tnx21")

[node name="CSGMesh3D15" type="CSGMesh3D" parent="Node3D"]
transform = Transform3D(0.707107, 0.5, -0.5, 6.39218e-08, 0.707107, 0.707107, 0.707107, -0.5, 0.5, -16, -5.49078, 16)
gi_mode = 2
use_collision = true
collision_layer = 2
collision_mask = 0
mesh = SubResource("PrismMesh_bwd1s")
material = SubResource("StandardMaterial3D_tnx21")

[node name="CSGMesh3D13" type="CSGMesh3D" parent="Node3D"]
transform = Transform3D(-1, 0, 7.45058e-08, 0, 1, 0, -7.45058e-08, 0, -1, 11, -3.5, -10)
gi_mode = 2
use_collision = true
collision_layer = 2
collision_mask = 0
mesh = SubResource("BoxMesh_sxueq")
material = SubResource("StandardMaterial3D_tnx21")

[node name="CSGMesh3D10" type="CSGMesh3D" parent="Node3D"]
transform = Transform3D(0.258819, 0, -0.965926, 0, 1, 0, 0.965926, 0, 0.258819, 9, -5.5, 9)
gi_mode = 2
use_collision = true
collision_layer = 2
collision_mask = 0
mesh = SubResource("BoxMesh_kyk23")
material = SubResource("StandardMaterial3D_tnx21")

[node name="Spawnpoints" type="Node3D" parent="."]

[node name="0" type="Node3D" parent="Spawnpoints"]
transform = Transform3D(0.707107, 0, 0.707107, 0, 1, 0, -0.707107, 0, 0.707107, 8, 1, 24)

[node name="MeshInstance3D" type="MeshInstance3D" parent="Spawnpoints/0"]
transform = Transform3D(-1, -1.50996e-07, 6.60024e-15, 0, -4.37114e-08, -1, 1.50996e-07, -1, 4.37114e-08, 0, 0, 0)
layers = 524288
mesh = SubResource("CylinderMesh_1mmdv")

[node name="1" type="Node3D" parent="Spawnpoints"]
transform = Transform3D(-0.707107, 0, -0.707107, 0, 1, 0, 0.707107, 0, -0.707107, -8, 1, -24)

[node name="MeshInstance3D" type="MeshInstance3D" parent="Spawnpoints/1"]
transform = Transform3D(-1, -1.50996e-07, 6.60024e-15, 0, -4.37114e-08, -1, 1.50996e-07, -1, 4.37114e-08, 0, 0, 0)
layers = 524288
mesh = SubResource("CylinderMesh_1mmdv")

[node name="2" type="Node3D" parent="Spawnpoints"]
transform = Transform3D(1, 0, -1.3411e-07, 0, 1, 0, 1.3411e-07, 0, 1, -24, 1, 0)

[node name="MeshInstance3D" type="MeshInstance3D" parent="Spawnpoints/2"]
transform = Transform3D(-1, -1.50996e-07, 6.60024e-15, 0, -4.37114e-08, -1, 1.50996e-07, -1, 4.37114e-08, 0, 0, 0)
layers = 524288
mesh = SubResource("CylinderMesh_1mmdv")

[node name="3" type="Node3D" parent="Spawnpoints"]
transform = Transform3D(-1, 0, 2.98023e-07, 0, 1, 0, -2.98023e-07, 0, -1, 24, 1, 0)

[node name="MeshInstance3D" type="MeshInstance3D" parent="Spawnpoints/3"]
transform = Transform3D(-1, -1.50996e-07, 6.60024e-15, 0, -4.37114e-08, -1, 1.50996e-07, -1, 4.37114e-08, 0, 0, 0)
layers = 524288
mesh = SubResource("CylinderMesh_1mmdv")

[node name="4" type="Node3D" parent="Spawnpoints"]
transform = Transform3D(-1, 0, 3.12924e-07, 0, 1, 0, -3.12924e-07, 0, -1, -15, 1, -15)

[node name="MeshInstance3D" type="MeshInstance3D" parent="Spawnpoints/4"]
transform = Transform3D(-1, -1.50996e-07, 6.60024e-15, 0, -4.37114e-08, -1, 1.50996e-07, -1, 4.37114e-08, 0, 0, 0)
layers = 524288
mesh = SubResource("CylinderMesh_1mmdv")

[node name="5" type="Node3D" parent="Spawnpoints"]
transform = Transform3D(1, 0, -2.38419e-07, 0, 1, 0, 2.38419e-07, 0, 1, 15, 1, 15)

[node name="MeshInstance3D" type="MeshInstance3D" parent="Spawnpoints/5"]
transform = Transform3D(-1, -1.50996e-07, 6.60024e-15, 0, -4.37114e-08, -1, 1.50996e-07, -1, 4.37114e-08, 0, 0, 0)
layers = 524288
mesh = SubResource("CylinderMesh_1mmdv")

[node name="Node3D3" type="Node3D" parent="."]

[node name="Node3D2" type="Node3D" parent="Node3D3"]

[node name="Wall4" type="Node3D" parent="Node3D3/Node3D2"]
transform = Transform3D(0.0871557, 0, -0.996195, 0, 1, 0, 0.996195, 0, 0.0871557, -10.2814, 0, -32.3457)
metadata/_edit_group_ = true

[node name="Cube" type="MeshInstance3D" parent="Node3D3/Node3D2/Wall4"]
transform = Transform3D(-0.234825, -0.152522, 0.959997, 0.046918, 0.984683, 0.16792, -0.970905, 0.0844731, -0.224072, 0, 0.325793, 0)
mesh = SubResource("ArrayMesh_i5swd")
skeleton = NodePath("")

[node name="Cube2" type="MeshInstance3D" parent="Node3D3/Node3D2/Wall4"]
transform = Transform3D(0.970905, -0.0844731, 0.224072, 0.046918, 0.984683, 0.16792, -0.234825, -0.152522, 0.959997, -1, 0.325793, -1)
mesh = SubResource("ArrayMesh_i5swd")
skeleton = NodePath("")

[node name="Cube3" type="MeshInstance3D" parent="Node3D3/Node3D2/Wall4"]
transform = Transform3D(0.462702, -0.0474331, -0.885244, 0.129229, 0.99151, 0.0144185, 0.877045, -0.12107, 0.464903, -0.5, 0.225793, -2.3)
mesh = SubResource("ArrayMesh_i5swd")
skeleton = NodePath("")

[node name="Cube4" type="MeshInstance3D" parent="Node3D3/Node3D2/Wall4"]
transform = Transform3D(-0.673171, 0.0847162, 0.734619, 0.0706999, 0.996239, -0.0501, -0.7361, 0.0182116, -0.676628, -0.5, 0.625793, -3.4)
mesh = SubResource("ArrayMesh_i5swd")
skeleton = NodePath("")

[node name="Cube5" type="MeshInstance3D" parent="Node3D3/Node3D2/Wall4"]
transform = Transform3D(0.989092, -0.0635093, 0.132901, 0.0471871, 0.99134, 0.122549, -0.139533, -0.114941, 0.983524, -0.5, -0.374207, 1)
mesh = SubResource("ArrayMesh_i5swd")
skeleton = NodePath("")

[node name="Cube6" type="MeshInstance3D" parent="Node3D3/Node3D2/Wall4"]
transform = Transform3D(-0.0804402, -0.0518745, 0.995409, -0.526181, 0.850371, 0.00179472, -0.846559, -0.523621, -0.0956993, -0.1, -0.374207, -2.1)
mesh = SubResource("ArrayMesh_i5swd")
skeleton = NodePath("")

[node name="Cube7" type="MeshInstance3D" parent="Node3D3/Node3D2/Wall4"]
transform = Transform3D(0.280611, -0.110361, -0.953456, 0.615541, 0.782886, 0.0905417, 0.736455, -0.612298, 0.287618, -1.4, -0.374207, -0.7)
mesh = SubResource("ArrayMesh_i5swd")
skeleton = NodePath("")

[node name="Cube8" type="MeshInstance3D" parent="Node3D3/Node3D2/Wall4"]
transform = Transform3D(0.271701, 0.115311, -0.955449, -0.560541, 0.82597, -0.0597165, 0.782287, 0.551793, 0.289053, -1.4, 0.225793, -3.7)
mesh = SubResource("ArrayMesh_i5swd")
skeleton = NodePath("")

[node name="Cube9" type="MeshInstance3D" parent="Node3D3/Node3D2/Wall4"]
transform = Transform3D(0.271701, 0.115311, -0.955449, 0.156798, 0.974226, 0.162165, 0.949523, -0.193872, 0.246617, -1.4, 0.225793, 0.2)
mesh = SubResource("ArrayMesh_i5swd")
skeleton = NodePath("")

[node name="StaticBody3D" type="StaticBody3D" parent="Node3D3/Node3D2/Wall4"]
collision_layer = 2
collision_mask = 0

[node name="CollisionShape3D" type="CollisionShape3D" parent="Node3D3/Node3D2/Wall4/StaticBody3D"]
transform = Transform3D(1, 0, 0, 0, 1, 0, 0, 0, 1, -0.691895, 0.84566, -1.5094)
shape = SubResource("BoxShape3D_2xeul")

[node name="Wall6" type="Node3D" parent="Node3D3/Node3D2"]
transform = Transform3D(-0.866026, 0, 0.5, 0, 1, 0, -0.5, 0, -0.866026, -2.20782, 0, -29.4457)
metadata/_edit_group_ = true

[node name="Cube" type="MeshInstance3D" parent="Node3D3/Node3D2/Wall6"]
transform = Transform3D(-0.234825, -0.152522, 0.959997, 0.046918, 0.984683, 0.16792, -0.970905, 0.0844731, -0.224072, 0, 0.325793, 0)
mesh = SubResource("ArrayMesh_i5swd")
skeleton = NodePath("")

[node name="Cube2" type="MeshInstance3D" parent="Node3D3/Node3D2/Wall6"]
transform = Transform3D(0.970905, -0.0844731, 0.224072, 0.046918, 0.984683, 0.16792, -0.234825, -0.152522, 0.959997, -1, 0.325793, -1)
mesh = SubResource("ArrayMesh_i5swd")
skeleton = NodePath("")

[node name="Cube3" type="MeshInstance3D" parent="Node3D3/Node3D2/Wall6"]
transform = Transform3D(0.462702, -0.0474331, -0.885244, 0.129229, 0.99151, 0.0144185, 0.877045, -0.12107, 0.464903, -0.5, 0.225793, -2.3)
mesh = SubResource("ArrayMesh_i5swd")
skeleton = NodePath("")

[node name="Cube4" type="MeshInstance3D" parent="Node3D3/Node3D2/Wall6"]
transform = Transform3D(-0.673171, 0.0847162, 0.734619, 0.0706999, 0.996239, -0.0501, -0.7361, 0.0182116, -0.676628, -0.5, 0.625793, -3.4)
mesh = SubResource("ArrayMesh_i5swd")
skeleton = NodePath("")

[node name="Cube5" type="MeshInstance3D" parent="Node3D3/Node3D2/Wall6"]
transform = Transform3D(0.989092, -0.0635093, 0.132901, 0.0471871, 0.99134, 0.122549, -0.139533, -0.114941, 0.983524, -0.5, -0.374207, 1)
mesh = SubResource("ArrayMesh_i5swd")
skeleton = NodePath("")

[node name="Cube6" type="MeshInstance3D" parent="Node3D3/Node3D2/Wall6"]
transform = Transform3D(-0.0804402, -0.0518745, 0.995409, -0.526181, 0.850371, 0.00179472, -0.846559, -0.523621, -0.0956993, -0.1, -0.374207, -2.1)
mesh = SubResource("ArrayMesh_i5swd")
skeleton = NodePath("")

[node name="Cube7" type="MeshInstance3D" parent="Node3D3/Node3D2/Wall6"]
transform = Transform3D(0.280611, -0.110361, -0.953456, 0.615541, 0.782886, 0.0905417, 0.736455, -0.612298, 0.287618, -1.4, -0.374207, -0.7)
mesh = SubResource("ArrayMesh_i5swd")
skeleton = NodePath("")

[node name="Cube8" type="MeshInstance3D" parent="Node3D3/Node3D2/Wall6"]
transform = Transform3D(0.271701, 0.115311, -0.955449, -0.560541, 0.82597, -0.0597165, 0.782287, 0.551793, 0.289053, -1.4, 0.225793, -3.7)
mesh = SubResource("ArrayMesh_i5swd")
skeleton = NodePath("")

[node name="Cube9" type="MeshInstance3D" parent="Node3D3/Node3D2/Wall6"]
transform = Transform3D(0.271701, 0.115311, -0.955449, 0.156798, 0.974226, 0.162165, 0.949523, -0.193872, 0.246617, -1.4, 0.225793, 0.2)
mesh = SubResource("ArrayMesh_i5swd")
skeleton = NodePath("")

[node name="StaticBody3D" type="StaticBody3D" parent="Node3D3/Node3D2/Wall6"]
collision_layer = 2
collision_mask = 0

[node name="CollisionShape3D" type="CollisionShape3D" parent="Node3D3/Node3D2/Wall6/StaticBody3D"]
transform = Transform3D(1, 0, 0, 0, 1, 0, 0, 0, 1, -0.691895, 0.84566, -1.5094)
shape = SubResource("BoxShape3D_2xeul")

[node name="Wall8" type="Node3D" parent="Node3D3/Node3D2"]
transform = Transform3D(-0.573577, 0, -0.819152, 0, 1, 0, 0.819152, 0, -0.573577, -12.3078, 0, -19.3457)
metadata/_edit_group_ = true

[node name="Cube" type="MeshInstance3D" parent="Node3D3/Node3D2/Wall8"]
transform = Transform3D(-0.234825, -0.152522, 0.959997, 0.046918, 0.984683, 0.16792, -0.970905, 0.0844731, -0.224072, 0, 0.325793, 0)
mesh = SubResource("ArrayMesh_i5swd")
skeleton = NodePath("")

[node name="Cube2" type="MeshInstance3D" parent="Node3D3/Node3D2/Wall8"]
transform = Transform3D(0.970905, -0.0844731, 0.224072, 0.046918, 0.984683, 0.16792, -0.234825, -0.152522, 0.959997, -1, 0.325793, -1)
mesh = SubResource("ArrayMesh_i5swd")
skeleton = NodePath("")

[node name="Cube3" type="MeshInstance3D" parent="Node3D3/Node3D2/Wall8"]
transform = Transform3D(0.462702, -0.0474331, -0.885244, 0.129229, 0.99151, 0.0144185, 0.877045, -0.12107, 0.464903, -0.5, 0.225793, -2.3)
mesh = SubResource("ArrayMesh_i5swd")
skeleton = NodePath("")

[node name="Cube4" type="MeshInstance3D" parent="Node3D3/Node3D2/Wall8"]
transform = Transform3D(-0.673171, 0.0847162, 0.734619, 0.0706999, 0.996239, -0.0501, -0.7361, 0.0182116, -0.676628, -0.5, 0.625793, -3.4)
mesh = SubResource("ArrayMesh_i5swd")
skeleton = NodePath("")

[node name="Cube5" type="MeshInstance3D" parent="Node3D3/Node3D2/Wall8"]
transform = Transform3D(0.989092, -0.0635093, 0.132901, 0.0471871, 0.99134, 0.122549, -0.139533, -0.114941, 0.983524, -0.5, -0.374207, 1)
mesh = SubResource("ArrayMesh_i5swd")
skeleton = NodePath("")

[node name="Cube6" type="MeshInstance3D" parent="Node3D3/Node3D2/Wall8"]
transform = Transform3D(-0.0804402, -0.0518745, 0.995409, -0.526181, 0.850371, 0.00179472, -0.846559, -0.523621, -0.0956993, -0.1, -0.374207, -2.1)
mesh = SubResource("ArrayMesh_i5swd")
skeleton = NodePath("")

[node name="Cube7" type="MeshInstance3D" parent="Node3D3/Node3D2/Wall8"]
transform = Transform3D(0.280611, -0.110361, -0.953456, 0.615541, 0.782886, 0.0905417, 0.736455, -0.612298, 0.287618, -1.4, -0.374207, -0.7)
mesh = SubResource("ArrayMesh_i5swd")
skeleton = NodePath("")

[node name="Cube8" type="MeshInstance3D" parent="Node3D3/Node3D2/Wall8"]
transform = Transform3D(0.271701, 0.115311, -0.955449, -0.560541, 0.82597, -0.0597165, 0.782287, 0.551793, 0.289053, -1.4, 0.225793, -3.7)
mesh = SubResource("ArrayMesh_i5swd")
skeleton = NodePath("")

[node name="Cube9" type="MeshInstance3D" parent="Node3D3/Node3D2/Wall8"]
transform = Transform3D(0.271701, 0.115311, -0.955449, 0.156798, 0.974226, 0.162165, 0.949523, -0.193872, 0.246617, -1.4, 0.225793, 0.2)
mesh = SubResource("ArrayMesh_i5swd")
skeleton = NodePath("")

[node name="StaticBody3D" type="StaticBody3D" parent="Node3D3/Node3D2/Wall8"]
collision_layer = 2
collision_mask = 0

[node name="CollisionShape3D" type="CollisionShape3D" parent="Node3D3/Node3D2/Wall8/StaticBody3D"]
transform = Transform3D(1, 0, 0, 0, 1, 0, 0, 0, 1, -0.691895, 0.84566, -1.5094)
shape = SubResource("BoxShape3D_2xeul")

[node name="Wall13" type="Node3D" parent="Node3D3/Node3D2"]
transform = Transform3D(-0.736746, 0, 0.676169, 0, 1, 0, -0.676169, 0, -0.736746, -8.92937, 0, -16.5457)
metadata/_edit_group_ = true

[node name="Cube" type="MeshInstance3D" parent="Node3D3/Node3D2/Wall13"]
transform = Transform3D(-0.234825, -0.152522, 0.959997, 0.046918, 0.984683, 0.16792, -0.970905, 0.0844731, -0.224072, 0, 0.325793, 0)
mesh = SubResource("ArrayMesh_i5swd")
skeleton = NodePath("")

[node name="Cube2" type="MeshInstance3D" parent="Node3D3/Node3D2/Wall13"]
transform = Transform3D(0.970905, -0.0844731, 0.224072, 0.046918, 0.984683, 0.16792, -0.234825, -0.152522, 0.959997, -1, 0.325793, -1)
mesh = SubResource("ArrayMesh_i5swd")
skeleton = NodePath("")

[node name="Cube3" type="MeshInstance3D" parent="Node3D3/Node3D2/Wall13"]
transform = Transform3D(0.462702, -0.0474331, -0.885244, 0.129229, 0.99151, 0.0144185, 0.877045, -0.12107, 0.464903, -0.5, 0.225793, -2.3)
mesh = SubResource("ArrayMesh_i5swd")
skeleton = NodePath("")

[node name="Cube4" type="MeshInstance3D" parent="Node3D3/Node3D2/Wall13"]
transform = Transform3D(-0.673171, 0.0847162, 0.734619, 0.0706999, 0.996239, -0.0501, -0.7361, 0.0182116, -0.676628, -0.5, 0.625793, -3.4)
mesh = SubResource("ArrayMesh_i5swd")
skeleton = NodePath("")

[node name="Cube5" type="MeshInstance3D" parent="Node3D3/Node3D2/Wall13"]
transform = Transform3D(0.989092, -0.0635093, 0.132901, 0.0471871, 0.99134, 0.122549, -0.139533, -0.114941, 0.983524, -0.5, -0.374207, 1)
mesh = SubResource("ArrayMesh_i5swd")
skeleton = NodePath("")

[node name="Cube6" type="MeshInstance3D" parent="Node3D3/Node3D2/Wall13"]
transform = Transform3D(-0.0804402, -0.0518745, 0.995409, -0.526181, 0.850371, 0.00179472, -0.846559, -0.523621, -0.0956993, -0.1, -0.374207, -2.1)
mesh = SubResource("ArrayMesh_i5swd")
skeleton = NodePath("")

[node name="Cube7" type="MeshInstance3D" parent="Node3D3/Node3D2/Wall13"]
transform = Transform3D(0.280611, -0.110361, -0.953456, 0.615541, 0.782886, 0.0905417, 0.736455, -0.612298, 0.287618, -1.4, -0.374207, -0.7)
mesh = SubResource("ArrayMesh_i5swd")
skeleton = NodePath("")

[node name="Cube8" type="MeshInstance3D" parent="Node3D3/Node3D2/Wall13"]
transform = Transform3D(0.271701, 0.115311, -0.955449, -0.560541, 0.82597, -0.0597165, 0.782287, 0.551793, 0.289053, -1.4, 0.225793, -3.7)
mesh = SubResource("ArrayMesh_i5swd")
skeleton = NodePath("")

[node name="Cube9" type="MeshInstance3D" parent="Node3D3/Node3D2/Wall13"]
transform = Transform3D(0.271701, 0.115311, -0.955449, 0.156798, 0.974226, 0.162165, 0.949523, -0.193872, 0.246617, -1.4, 0.225793, 0.2)
mesh = SubResource("ArrayMesh_i5swd")
skeleton = NodePath("")

[node name="StaticBody3D" type="StaticBody3D" parent="Node3D3/Node3D2/Wall13"]
collision_layer = 2
collision_mask = 0

[node name="CollisionShape3D" type="CollisionShape3D" parent="Node3D3/Node3D2/Wall13/StaticBody3D"]
transform = Transform3D(1, 0, 0, 0, 1, 0, 0, 0, 1, -0.691895, 0.84566, -1.5094)
shape = SubResource("BoxShape3D_2xeul")

[node name="Wall15" type="Node3D" parent="Node3D3/Node3D2"]
transform = Transform3D(-0.95566, 0, 0.294474, 0, 1, 0, -0.294474, 0, -0.95566, -17.7178, 0, -16.1421)
metadata/_edit_group_ = true

[node name="Cube" type="MeshInstance3D" parent="Node3D3/Node3D2/Wall15"]
transform = Transform3D(-0.234825, -0.152522, 0.959997, 0.046918, 0.984683, 0.16792, -0.970905, 0.0844731, -0.224072, 0, 0.325793, 0)
mesh = SubResource("ArrayMesh_i5swd")
skeleton = NodePath("")

[node name="Cube2" type="MeshInstance3D" parent="Node3D3/Node3D2/Wall15"]
transform = Transform3D(0.970905, -0.0844731, 0.224072, 0.046918, 0.984683, 0.16792, -0.234825, -0.152522, 0.959997, -1, 0.325793, -1)
mesh = SubResource("ArrayMesh_i5swd")
skeleton = NodePath("")

[node name="Cube3" type="MeshInstance3D" parent="Node3D3/Node3D2/Wall15"]
transform = Transform3D(0.462702, -0.0474331, -0.885244, 0.129229, 0.99151, 0.0144185, 0.877045, -0.12107, 0.464903, -0.5, 0.225793, -2.3)
mesh = SubResource("ArrayMesh_i5swd")
skeleton = NodePath("")

[node name="Cube4" type="MeshInstance3D" parent="Node3D3/Node3D2/Wall15"]
transform = Transform3D(-0.673171, 0.0847162, 0.734619, 0.0706999, 0.996239, -0.0501, -0.7361, 0.0182116, -0.676628, -0.5, 0.625793, -3.4)
mesh = SubResource("ArrayMesh_i5swd")
skeleton = NodePath("")

[node name="Cube5" type="MeshInstance3D" parent="Node3D3/Node3D2/Wall15"]
